69595 1.032166524 0.957356874
69612 0.965936187 0.978802771
69613 0.976607230 0.978885718
69616 0.971775946 0.978746833
69619 0.977364318 0.980945492
69621 0.978474108 0.953763479
69623 0.981691185 0.955689310
69625 0.979204455 0.957681654
69641 0.977219649 0.983203039
69643 0.986097967 0.957313643
69645 0.982066566 0.983017461
69646 0.983044266 0.984806897
69649 0.963136277 0.963789054
69664 0.961983442 0.976358396
69666 0.970384101 0.977950935
69667 0.962479754 0.990406177
69669 0.982933249 0.964884395
69672 0.979255240 0.963409130
69678 0.979598193 0.963082373
69679 0.977139405 0.963841536
69681 0.982237369 0.964198984
69682 0.979640787 0.964267636
69683 0.977604780 0.964704230
69685 0.966428910 0.965234053
69686 0.982757065 0.990218954
69687 0.968593215 0.988075596
69688 0.978250914 0.987908015
69689 0.976640513 0.988719153
69690 0.978825783 0.966277376
69692 0.970506485 0.985430092
69697 0.964543995 0.983386845
69701 0.959982251 0.983600821
69702 0.968004434 0.983493284
69715 0.974525980 0.987611456
69716 0.978067426 0.987681338
69717 0.979222151 0.987525548
69721 0.976983453 0.985644397
69722 0.982786796 0.987325145
69724 0.975497601 0.986514188
69726 0.975740087 0.984218326
69727 0.969052455 0.983987784
69730 0.964552193 0.984323428
69738 0.970172654 0.988657146
69742 0.967658701 0.990163826
69743 0.966938406 0.991170433
69744 0.969138639 0.991861985
69745 0.968551849 0.991710521
69752 0.980463885 0.989789903
69754 0.973171028 0.989979379
69755 0.966700347 0.990106912
69756 0.963314527 0.988912365
69758 0.966065777 0.988228374
69759 0.144131149 0.987509609
69764 0.963078677 0.990136338
69765 0.968970246 0.989772088
69786 0.967976545 0.988402958
69787 0.976144834 0.989103936
69790 0.975649066 0.988178424
69792 0.976860140 0.989015673
69794 0.971080875 0.987658060
69795 0.969832376 0.987016615
69797 0.969341833 0.985998807
69798 0.969369748 0.985627725
69802 0.984388461 0.986180578
69803 0.972991125 0.985651206
69807 0.990911380 0.983630784
69808 0.985615284 0.986268358
69811 0.972126842 0.983803472
69816 0.970288074 0.985439195
69843 0.965238138 0.986729356
69844 0.979572060 0.988047480
69845 0.977402732 0.991206863
69846 0.969152677 0.984385393
69847 0.966856805 0.984166425
69848 0.974092924 0.985819857
69849 0.943658287 0.986680826
69850 0.966343405 0.989066040
69851 0.961981367 0.987397344
69852 0.968340076 0.988847949
69853 0.973237921 0.988839955
69854 0.972443884 0.987699274
69855 0.975889916 0.988211305
69857 0.980053718 0.988933788
69873 0.973041620 0.986343923
69874 0.972660011 0.985817630
69881 0.971492552 0.985889856
69884 0.968485574 0.984619271
69886 0.968337142 0.983243152
69887 0.977766971 0.987813644
69888 0.979835978 0.987685440
69894 0.975535229 0.986318923
69898 0.970739698 0.984278122
69900 0.972494550 0.984512283
69901 0.976164178 0.985570900
69908 0.969675125 0.973868659
69909 0.968433262 0.975698201
69910 0.974567258 0.988877873
69911 0.981264508 0.972701391
69913 0.986245690 0.969383937
69917 0.983144616 0.984567023
69918 0.977148883 0.982679221
69919 0.971570068 0.983831485
69927 0.969279187 0.984770911
69929 0.972073119 0.985311158
69930 0.975519997 0.987127439
69932 0.974408960 0.986396739
69933 0.977821860 0.987690653
69934 0.975792736 0.988314807
69935 0.977889995 0.987859755
69938 0.974169491 0.985195523
69939 0.976249602 0.985059572
69940 0.970225054 0.985054035
69943 0.963948442 0.987153007
69946 0.958912700 0.986622556
69950 0.965186491 0.986480386
69951 0.967893579 0.985802118
69952 0.971285863 0.987257991
69955 0.971599754 0.988858014
69957 0.973339545 0.987564930
69958 0.976651246 0.989316446
69959 0.977579986 0.988991971
69962 0.968321078 0.990370273
69966 0.968681387 0.984943585
69969 0.969050970 0.984773729
69970 0.960308428 0.986949857
69973 0.958127266 0.988255712
69977 0.962920795 0.987871968
69979 0.957121162 0.988558285
69981 0.962590504 0.988662664
69982 0.959586712 0.986851935
69983 0.956935372 0.984182940
69984 0.970911043 0.988474732
69985 0.968503182 0.989260822
69986 0.970905525 0.988490821
70049 0.967607187 0.985701531
70053 0.882899430 -0.000064421
70054 0.063328516 0.998493686
70057 0.979308176 0.987237207
70069 0.949062444 0.992406495
70095 0.970084267 0.996883790
70096 0.956872408 0.986785821
70097 0.960611362 0.985920331
70100 0.952428979 0.985540233
70101 0.954014655 0.985270296
70105 0.956991335 0.985147407
70106 0.953327107 0.985669652
70109 0.958989701 0.985777486
70110 0.955661176 0.984040570
70113 0.953731466 0.982765496
70116 0.951519659 0.981900142
70118 0.971928103 0.987982450
70119 0.970239764 0.986369152
70120 0.969986377 0.987126237
70125 0.975213948 0.992377557
70127 0.966163022 0.984365005
70131 0.970033277 0.981232162
70133 0.967542808 0.982748035
70134 0.976049546 0.980860029
70137 0.965876978 0.979445472
70142 0.976376770 0.979246002
70143 0.967796549 0.977457142
70144 0.949218638 0.982791431
70146 0.952572288 0.985956430
70149 0.955944514 0.986168975
70151 0.952709211 0.984219385
70152 0.950465961 0.983168039
70159 0.946871171 0.982308967
70160 0.956818834 0.982191247
70161 0.971167542 0.986553861
70162 0.970562722 0.986875763
70164 0.975191844 0.987261230
70167 0.970370538 0.985091134
70171 0.961496944 0.984159537
70172 0.968383588 0.984360013
70173 0.957899709 0.985085917
70174 0.950897088 0.986003335
70175 0.951025335 0.987097878
70177 0.954877270 0.989522226
70179 0.953399614 0.987416879
70181 0.961603497 0.988161335
70182 0.963215587 0.988027783
70183 0.963542738 0.989621749
70184 0.960506997 0.989336659
70186 0.967519891 0.988963888
70188 0.967779500 0.989040830
70189 0.965838438 0.989015925
70190 0.966119379 0.986579147
70193 0.958847503 0.984772766
70194 0.951647643 0.985847894
70195 0.949087249 0.986416495
70196 0.948701954 0.984531038
70204 0.949319926 0.985714948
70208 0.952078054 0.985914639
70209 0.949996132 0.985908711
70223 0.942827873 0.984839082
70229 0.950978927 0.986057093
70230 0.952028259 0.986322131
70231 0.947544378 0.986373038
70233 0.950790101 0.985710244
70234 0.947110311 0.984291132
70235 0.950538280 0.984814725
70236 0.944559264 0.982187041
70239 0.948314965 0.984536972
70240 0.945356322 0.983481753
70241 0.950385292 0.982940987
70242 0.971791460 0.990464964
70243 0.961980871 0.989222846
70244 0.960471002 0.987674620
70245 0.952873425 0.986808558
70248 0.990771727 0.986995595
70250 0.953140791 0.987473697
70251 0.953612133 0.987610826
70253 0.956898454 0.988710658
70254 0.955325658 0.986605477
70255 0.966547973 0.988353640
70256 0.969029118 0.987224966
70260 0.965844520 0.988035444
70264 0.968312471 0.987142410
70265 0.982306710 0.988260362
70278 0.973362561 0.986781294
70280 0.971020386 0.986385644
70281 0.962721569 0.984640029
70282 0.977950302 0.980879673
70284 0.953795479 0.985698217
70285 0.957390722 0.985871800
70286 0.954081447 0.986179343
70287 0.951288997 0.986640324
70288 0.956843104 0.987076575
70289 0.958239219 0.989104290
70291 0.965907945 0.987660722
70296 0.957469024 0.988777867
70298 0.967198002 0.992099077
70302 0.962557703 0.990841176
70304 0.961876375 0.988503898
70306 0.968400927 0.989429576
70307 0.964215030 0.989300541
70308 0.971394893 0.988514173
70309 0.968914129 0.987928477
70311 0.967674412 0.988974664
70315 0.961045158 0.987028360
70317 0.959300915 0.982785766
70322 0.953612500 0.986173507
70323 0.956582484 0.986450473
70326 0.949894017 0.989766954
70327 0.956441299 0.983131898
70328 0.960939733 0.988373900
70334 0.967460560 0.989217931
70335 0.965765947 0.989474827
70336 0.969648576 0.989843982
70338 0.966813605 0.989569113
70339 0.968099281 0.989180280
70340 0.973960872 0.987614577
70341 0.971911511 0.988363362
70379 0.958202966 0.988023929
70384 0.963710812 0.987425866
70385 0.965209939 0.988057147
70386 0.967323790 0.988886971
70391 0.965093598 0.989420266
70393 0.964384681 0.985741404
70394 0.968655907 0.987813388
70395 0.966350227 0.987746409
70396 0.969634524 0.987886428
70399 0.965619568 0.988049040
70401 0.968856130 0.988340118
70402 0.973765507 0.988551524
70407 0.972142096 0.988331369
70408 0.970857773 0.987262822
70414 0.975744449 0.987402188
70416 0.975621066 0.986783934
70417 0.988655473 0.988355401
70418 0.980766266 0.987346834
70420 0.975421888 0.987224749
70421 0.978276677 0.982561011
70422 0.953766690 0.986800398
70423 0.979292725 0.986621345
70424 0.969493107 0.985483235
70425 0.977153176 0.983998444
70426 0.975854877 0.984870291
70427 0.987312825 0.982387320
70429 0.968310209 0.981391876
70432 0.969394817 0.982889099
70433 0.973891205 0.984097866
70434 0.972978777 0.986021535
70435 0.976573657 0.987243237
70439 0.975766899 0.986967342
70440 0.977038786 0.987680417
70442 0.978767489 0.987515558
70443 0.975910115 0.986799082
70447 0.975682776 0.986574339
70448 0.981694058 1.664991324
70450 0.964523354 1.012029679
70451 0.959523488 1.012147811
70452 0.960874418 1.008309745
70454 0.956031866 1.008122316
70457 0.950205427 1.008218143
70458 0.951541375 1.007959000
70459 0.951487270 1.008129724
70460 0.951803197 1.009456258
70461 0.948217694 1.010052874
70462 0.956119992 1.010916485
70466 0.958044076 1.011852019
70477 0.966272656 1.010652708
70478 0.970126236 1.010214804
70479 0.967329791 1.010055922
70481 0.971656498 1.009743116
70482 0.964108026 1.010490525
70487 0.959357869 1.007459070
70491 0.959244449 1.007546638
70492 0.952838544 1.008995367
70494 0.953196284 1.007663679
70499 0.951996330 1.007330752
70501 0.951778946 1.008510956
70502 0.954115526 1.008944769
70503 0.955435534 1.009488292
70506 0.957629957 1.009468352
70507 0.959052554 1.010194576
70508 0.960066197 1.009910003
70509 0.958900584 1.011157468
70511 0.960009228 1.008932980
70513 0.948689591 1.008693546
70514 0.950166032 1.008298903
70516 0.944299561 1.009735403
70517 0.944539456 1.009946814
70518 0.946313539 1.010331516
70519 0.950466271 1.011385025
70522 0.948373252 1.010228050
70533 0.955746894 1.011945703
70538 0.955416555 1.012728588
70540 0.951002864 1.012402891
70541 0.955064928 1.012874752
70549 0.955753953 1.011883462
70550 0.958323323 1.011502161
70551 0.956247124 1.011698474
70555 0.970296836 1.010922163
70556 0.948604863 1.010055272
70559 0.949712228 1.009904927
70560 0.949315631 1.012051087
70563 0.951755601 1.012587133
70574 0.951293359 1.011773696
70575 0.950969323 1.011136618
70576 0.953838576 1.012333967
70578 0.953614271 1.013263626
70579 0.958067585 1.012663205
70580 0.956140759 1.012196629
70583 0.957630343 1.011861283
70584 0.960293520 1.009621689
70588 0.958348617 1.009861133
70589 0.958750059 1.009992401
70594 0.961329989 1.009934085
70595 0.963975643 1.010561816
70596 0.964301516 1.010445535
70597 0.965820180 1.010101716
70599 0.965876994 1.010094460
70600 0.966989294 1.009953528
70602 0.963210983 1.010491893
70603 0.952911709 1.010142412
70604 0.963551017 1.009633723
70605 0.968571816 1.009935902
70606 0.964838427 1.009311603
70607 0.970842312 1.008348022
70609 0.965384805 1.008580269
70610 0.966434565 1.008288029
70611 0.969606559 1.008493729
70612 0.968596106 1.008855405
70613 0.971200898 1.008638149
70614 0.970384202 1.009308860
70615 0.970150666 1.009388679
70616 0.970016327 1.009514794
70617 0.974381430 1.008007112
70629 0.972241174 1.005546611
70631 0.969369980 1.004479499
70632 0.972806512 1.005088308
70636 0.974615658 1.005340652
70637 0.969513946 1.004618119
70639 0.974797509 1.005324915
70641 0.970303189 1.003754774
70642 0.974619210 1.002879273
70645 0.976534678 1.002085534
70646 0.977885822 1.001913387
70647 0.981728507 1.000336982
70650 0.973673329 0.996045274
70654 0.983527672 0.994697712
70656 0.972011904 0.995025813
70659 0.974636456 0.996949159
70660 0.975325757 0.997730156
70661 0.975061558 1.000183969
70662 0.979791616 0.999869792
70663 0.976464097 0.999406674
70664 0.978964996 1.000284105
70665 0.977879303 0.999510211
70668 0.976147948 1.000216129
70669 0.973348711 0.997083791
70670 0.969759892 0.997472077
70671 0.980872736 0.997218303
70672 0.980316949 0.998101278
70676 0.976144876 1.000567144
70701 0.972701259 0.995066371
70702 0.968969233 0.995476555
70705 0.972028038 0.995046107
70707 0.974847501 0.994224980
70708 0.974666326 0.993753028
70709 0.978504138 0.993431995
70711 0.978471554 0.994065792
70712 0.984560137 0.994477855
70714 0.982036699 0.994024946
70715 0.976978723 0.995687705
70717 0.976457334 0.995105895
70718 0.979127524 0.995450416
70719 0.978220841 0.995839473
70720 0.978724087 0.994861475
70725 0.984368443 0.995768204
70759 0.974083489 0.994785322
70761 0.977697074 0.997029240
70762 0.973861560 0.996475705
70763 0.971225457 0.996323603
70766 0.972873882 0.996981044
70767 0.973136860 0.996269708
70768 0.976056328 0.995836383
70769 0.976338628 0.997143707
70773 0.972725505 0.996660097
70812 0.963656293 0.996090133
70813 0.971941697 0.996725370
70814 0.967669354 0.996293265
70815 0.971699626 0.997007002
70816 0.967930489 0.997111963
70818 0.971608412 0.998433163
70822 0.974536108 1.000272628
70823 0.974617727 0.998051751
70824 0.975464751 0.997517638
70825 0.976540098 0.998674606
70829 0.976474196 0.999322674
70830 0.967402572 0.997940587
70832 0.974726024 0.996525023
70847 0.976749017 0.995642026
70848 0.972184395 0.996346762
70850 0.976172626 0.997331747
70856 0.978110107 0.997546547
70857 0.979079521 0.997171507
70858 0.975428574 0.997314443
70860 0.977086394 0.997713536
70862 0.981271552 0.997320518
70863 0.980437397 0.996051051
70867 0.983869344 0.999075021
70868 0.976253346 0.997864397
70872 0.982695386 0.995872568
70874 0.983164236 0.996319250
70881 0.980990558 0.995393066
70892 0.982412830 0.994754092
70894 0.979359177 0.994941312
70895 0.983249682 0.996567579
70896 0.980659765 0.996368310
70897 0.982226493 0.995943202
70899 0.979469175 0.995861814
70900 0.981404936 0.995675849
70901 0.981438702 0.996927310
70905 0.974654647 0.996350268
70906 0.979028549 0.995380429
70907 0.984467873 0.993969291
70908 0.986123857 0.992368820
70909 0.985191091 0.993610162
70910 0.986976815 0.994073849
70913 0.982469099 0.991891848
70914 0.978149798 0.990740698
70915 0.976577273 0.990137000
70919 0.974215475 0.990320334
70920 0.978419416 0.990058807
70921 0.975930484 0.991150140
70922 0.979072604 0.991924695
70925 0.980112922 0.992703354
70927 0.978940793 0.992585349
70928 0.980540623 0.991632436
70929 0.984809678 0.991457314
70930 0.983469686 0.991797441
70931 0.982036207 0.991965926
70932 0.980766671 0.991811652
70933 0.983765472 0.988921278
70934 0.977782798 0.988697353
70935 0.977922097 0.987971607
70936 0.974470070 0.988230329
70938 0.981585504 0.989399838
70942 0.979990948 0.991476024
70943 0.986384652 0.990274496
70945 0.985926761 0.991679113
70946 0.984482482 0.990277141
70962 0.983962191 0.992525102
70963 0.983693896 0.993831303
75976 0.978755611 0.977479436
75977 0.982088897 0.978322788
75989 0.981501354 0.980405257
75990 0.987699946 0.982478309
75995 1.230772113 0.980562698
75996 0.986361904 0.980159832
75997 0.980889090 0.979633526
76000 0.985256402 0.978883652
76001 0.984298969 0.979109384
76002 0.985447539 0.978349238
76215 0.988117852 0.984448175
76216 0.997476769 0.985203331
76217 0.985959825 0.986193886
76218 0.993337616 0.983459697
76225 0.990585964 0.990093460
76227 0.970695158 0.994452653
76234 0.988748255 0.989517529
76235 0.999866496 0.989848468
76238 0.987504337 0.988601920
76239 0.988212993 0.988043765
76240 0.988256544 0.986288164
76241 0.985273645 0.983967295
76242 0.980547335 0.984245839
76250 0.987804837 0.987734005
76258 0.989433626 0.988472376
76259 1.019588257 1.134900208
76262 0.986098938 0.989247900
76266 0.986108502 0.988583530
76270 0.987435750 0.985995910
76271 0.984912633 0.982898047
76272 0.984224044 0.981636639
76273 0.982542309 0.981886802
76274 0.980865941 0.980792765
76275 0.985539487 0.979172436
76276 0.983011115 0.978507909
76277 0.984107624 0.980188828
76314 0.986560999 0.982624667
76315 0.988652846 0.983295369
76317 0.982106796 0.980150729
76318 0.982875022 0.978749807
76319 0.981301705 0.977124974
76320 0.992861197 0.971886759
76321 0.978114898 0.977113023
76324 0.980490175 0.979466699
76325 0.983022857 0.978274057
76326 0.988266851 0.977983690
76335 0.989487122 0.974877095
76338 0.980478327 0.978435509
76340 0.983064946 0.979343056
76345 0.991197001 0.979626115
76346 0.983995344 0.981814301
76347 0.989646607 0.980465049
76348 0.990414732 0.980735238
76349 0.986297360 0.979422378
76350 0.983720224 0.979285997
76351 0.984690952 0.977664756
76352 0.979633874 0.977618493
76357 0.981843994 0.975909350
76359 0.983703905 0.976937213
76360 0.979756408 0.977000599
76362 0.984946408 0.977986453
76363 0.985742298 0.977728947
76365 0.984733722 0.978082713
76366 0.983614176 0.979107168
76367 0.985817647 0.978839508
76372 0.982252092 0.981582556
76373 0.980336679 0.980718785
76374 0.983801113 0.980851953
76375 0.983143687 0.979688824
76376 0.980858947 0.977149883
76377 0.981169985 0.975024621
76387 0.980856882 0.974412488
76388 0.980951805 0.974997147
76390 0.975270358 0.974319949
76394 0.984555857 0.971419424
76395 0.981431988 0.977350089
76399 0.982067821 0.977231684
78578 1.007615224 1.000209660
78579 1.007744654 1.000135838
78580 1.007034828 1.000180931
78581 1.008926546 0.999659223
78583 2.353372537 0.999180642
78586 1.010605494 0.999146680
78587 1.005075760 0.998368023
78600 1.008871828 0.997340062
78601 1.006264050 0.998211925
78602 1.011825011 0.999003141
78603 1.012918823 0.998752931
78605 1.033533479 0.998779140
78606 1.009692135 0.976298327
78607 1.009600259 0.999647920
78608 1.010655472 0.999621876
78614 1.015773356 0.998035807
78619 1.008503546 1.000873465
78620 1.010964058 1.000216220
78621 1.008803774 1.000274337
78622 1.008259557 0.999833449
78623 1.008458408 0.999548940
78632 1.015163532 1.000814785
78647 1.012145887 0.999328222
78751 0.996173549 0.987101565
78752 0.995429598 0.986761088
78753 0.996144182 0.986446257
78754 0.993912319 0.985981351
78755 0.996417273 0.986211574
78756 0.996654858 0.985508074
78766 1.004430064 0.984902058
78768 1.003509894 0.987010953
78777 1.002367853 0.987722206
78778 1.001367797 0.987893799
78779 1.006067135 0.988342206
78781 1.004499718 0.988093420
78784 1.003069913 0.989517654
78785 1.000167695 0.989363846
78786 1.001021796 0.988768856
78787 1.001239245 0.988215452
78788 1.001835394 0.987066391
78789 1.000848105 0.987005344
78799 1.000256813 0.991979605
78800 1.008398646 0.988666707
78801 1.001380736 0.987961071
78804 1.004042116 0.988143016
78805 1.003487964 0.987972241
78806 1.004731495 0.988609481
78810 1.004948108 0.988006558
78811 1.005431446 0.987791659
78812 1.003368818 0.987744552
78813 1.000129571 0.988451376
78814 1.003173439 0.988761207
78815 1.006654806 0.988459346
78866 1.012663802 0.988145857
78867 1.005485653 0.983324677
78870 0.997077332 0.984001685
78873 1.005494546 0.983064208
78874 1.003996567 0.982671120
78875 0.994731391 0.983259586
78877 0.987267933 0.982756068
78883 1.001461743 0.982620968
78884 0.998866519 0.981515116
78886 1.000030643 0.979804382
78887 1.001197173 0.978820550
78888 0.997084830 0.978047545
78889 0.998697657 0.977392237
78890 0.997545220 0.977645313
78905 0.998205105 0.978410928
78906 0.998200741 0.978815913
78909 1.007896562 0.977447920
78910 1.003972602 0.978270896
78912 1.001175434 0.978989411
78914 0.997112323 0.978954262
78916 0.999182703 0.978905987
78921 0.989994206 0.977276366
78922 1.000272076 0.977181568
78923 0.998643681 0.976931873
78924 0.997445327 0.976042068
78927 0.995121691 0.974485031
78928 0.998071997 0.973183114
78930 0.997478049 0.972510227
78931 1.015147764 0.977867778
78932 0.995431013 0.973772774
78933 0.998155185 0.974538076
78934 0.996541724 0.974799135
78935 1.299001978 0.975572749
78936 0.993351084 0.974442432
78939 1.002735297 0.975855645
78941 1.001820070 0.977049054
78943 0.998907291 0.977687620
78944 0.998139884 0.976223853
78945 0.999636890 0.974850534
78946 1.000395663 0.974817366
78947 0.997421914 0.973423609
78948 0.998482816 0.972306232
78949 0.997985856 0.970837057
78950 1.000095150 0.970237453
78951 0.994340949 0.971460604
78952 0.995128851 0.972072204
78972 1.000363585 0.978870580
78973 0.999223040 0.973149088
78976 0.999622645 0.971557738
78977 0.993136139 0.971417612
78978 0.997327846 0.970496566
78979 0.996434909 0.971143556
78984 0.997902094 0.973821797
78985 0.997746611 0.974193183
78986 0.997790429 0.974812084
78996 1.001832133 0.976774717
78997 1.256576020 0.977049196
78998 1.003131018 0.976505636
79000 1.006162463 0.976154226
79003 1.001567638 0.974877588
79007 1.002466975 0.972538843
79033 1.000207468 0.976341279
79034 0.998351412 0.976425327
79035 0.998782066 0.977156322
79038 1.004153801 0.976966095
79048 1.251280000 0.976498867
79049 1.004920496 0.975739652
79050 1.003384451 0.975705059
79051 1.005671850 0.974987713
79053 1.000245990 0.974481639
79055 0.999129286 0.974378334
79056 1.003041608 0.976240462
79057 1.002228218 0.977201313
79058 1.002357873 0.977717693
79059 0.997415791 0.978038472
79060 1.002570565 0.978591793
79061 1.002109925 0.978593012
79062 1.002878552 0.978310679
79063 0.998876799 0.978460891
79064 0.997406023 0.978052688
79065 1.000287582 0.978323813
79066 1.001703605 0.978165216
79067 1.000698538 0.978294798
79068 1.000483110 0.978166883
79069 0.998101672 0.977166268
79071 0.996867665 0.977181054
79073 0.995714663 0.975523510
79079 1.003531664 0.974731811
79082 1.000693915 0.975835381
79083 0.998455283 0.976287617
79089 1.000986913 0.976940949
79090 1.003319865 0.977220846
79091 1.001327560 0.977926234
79092 1.000578730 0.978488113
79094 0.998757692 0.978386304
79095 0.998951992 0.977987022
79096 1.003323079 0.977517715
79097 0.998663896 0.977521385
79098 0.999615888 0.977701910
79099 0.997944133 0.977426980
79103 0.996705293 0.977231799
79104 0.999414960 0.976695159
79108 1.504248187 0.979505127
79109 1.002621671 0.978537863
79110 0.997038540 0.977662756
79115 1.000966400 0.977713064
79116 1.000135381 0.978446707
79122 0.999891887 0.977974853
79123 1.002978939 0.978028057
79124 0.998812046 0.977607131
79125 1.001746926 0.977174570
79126 0.997235939 0.976999324
79127 1.000020091 0.976642067
79130 0.994784229 0.976874252
79131 0.995837891 0.976611309
79132 0.999761278 0.977263287
79133 0.998991919 0.976787249
79135 1.001349579 0.977222498
79137 1.001298394 0.976908183
79138 1.003003448 0.978186761
79140 1.006682202 0.978217784
79141 1.006506220 0.977960172
79142 1.005259162 0.977896649
79143 1.004586049 0.976992949
79144 1.006390352 0.976276782
